(3, 4, 5)
(5, 12, 13)
(6, 8, 10)
(7, 24, 25)
(8, 15, 17)
(9, 12, 15)
(9, 40, 41)
(10, 24, 26)
(11, 60, 61)
(12, 16, 20)
(12, 35, 37)
(13, 84, 85)
(14, 48, 50)
(15, 20, 25)
(15, 36, 39)
(15, 112, 113)
(16, 30, 34)
(16, 63, 65)
(17, 144, 145)
(18, 24, 30)
(18, 80, 82)
(19, 180, 181)
(20, 21, 29)
(20, 48, 52)
(20, 99, 101)
(21, 28, 35)
(21, 72, 75)
(21, 220, 221)
(22, 120, 122)
(23, 264, 265)
(24, 32, 40)
(24, 45, 51)
(24, 70, 74)
(24, 143, 145)
(25, 60, 65)
(25, 312, 313)
(26, 168, 170)
(27, 36, 45)
(27, 120, 123)
(27, 364, 365)
(28, 45, 53)
(28, 96, 100)
(28, 195, 197)
(29, 420, 421)
(30, 40, 50)
(30, 72, 78)
(30, 224, 226)
(31, 480, 481)
(32, 60, 68)
(32, 126, 130)
(32, 255, 257)
(33, 44, 55)
(33, 56, 65)
(33, 180, 183)
(33, 544, 545)
(34, 288, 290)
(35, 84, 91)
(35, 120, 125)
(35, 612, 613)
(36, 48, 60)
(36, 77, 85)
(36, 105, 111)
(36, 160, 164)
(36, 323, 325)
(37, 684, 685)
(38, 360, 362)
(39, 52, 65)
(39, 80, 89)
(39, 252, 255)
(39, 760, 761)
(40, 42, 58)
(40, 75, 85)
(40, 96, 104)
(40, 198, 202)
(40, 399, 401)
(41, 840, 841)
(42, 56, 70)
(42, 144, 150)
(42, 440, 442)
(43, 924, 925)
(44, 117, 125)
(44, 240, 244)
(44, 483, 485)
(45, 60, 75)
(45, 108, 117)
(45, 200, 205)
(45, 336, 339)
(45, 1012, 1013)
(46, 528, 530)
(47, 1104, 1105)
(48, 55, 73)
(48, 64, 80)
(48, 90, 102)
(48, 140, 148)
(48, 189, 195)
(48, 286, 290)
(48, 575, 577)
(49, 168, 175)
(49, 1200, 1201)
(50, 120, 130)
(50, 624, 626)
(51, 68, 85)
(51, 140, 149)
(51, 432, 435)
(51, 1300, 1301)
(52, 165, 173)
(52, 336, 340)
(52, 675, 677)
(53, 1404, 1405)
(54, 72, 90)
(54, 240, 246)
(54, 728, 730)
(55, 132, 143)
(55, 300, 305)
(55, 1512, 1513)
(56, 90, 106)
(56, 105, 119)
(56, 192, 200)
(56, 390, 394)
(56, 783, 785)
(57, 76, 95)
(57, 176, 185)
(57, 540, 543)
(57, 1624, 1625)
(58, 840, 842)
(59, 1740, 1741)
(60, 63, 87)
(60, 80, 100)
(60, 91, 109)
(60, 144, 156)
(60, 175, 185)
(60, 221, 229)
(60, 297, 303)
(60, 448, 452)
(60, 899, 901)
(61, 1860, 1861)
(62, 960, 962)
(63, 84, 105)
(63, 216, 225)
(63, 280, 287)
(63, 660, 663)
(63, 1984, 1985)
(64, 120, 136)
(64, 252, 260)
(64, 510, 514)
(64, 1023, 1025)
(65, 72, 97)
(65, 156, 169)
(65, 420, 425)
(66, 88, 110)
(66, 112, 130)
(66, 360, 366)
(66, 1088, 1090)
(68, 285, 293)
(68, 576, 580)
(68, 1155, 1157)
(69, 92, 115)
(69, 260, 269)
(69, 792, 795)
(70, 168, 182)
(70, 240, 250)
(70, 1224, 1226)
(72, 96, 120)
(72, 135, 153)
(72, 154, 170)
(72, 210, 222)
(72, 320, 328)
(72, 429, 435)
(72, 646, 650)
(72, 1295, 1297)
(74, 1368, 1370)
(75, 100, 125)
(75, 180, 195)
(75, 308, 317)
(75, 560, 565)
(75, 936, 939)
(76, 357, 365)
(76, 720, 724)
(76, 1443, 1445)
(77, 264, 275)
(77, 420, 427)
(78, 104, 130)
(78, 160, 178)
(78, 504, 510)
(78, 1520, 1522)
(80, 84, 116)
(80, 150, 170)
(80, 192, 208)
(80, 315, 325)
(80, 396, 404)
(80, 798, 802)
(80, 1599, 1601)
(81, 108, 135)
(81, 360, 369)
(81, 1092, 1095)
(82, 1680, 1682)
(84, 112, 140)
(84, 135, 159)
(84, 187, 205)
(84, 245, 259)
(84, 288, 300)
(84, 437, 445)
(84, 585, 591)
(84, 880, 884)
(84, 1763, 1765)
(85, 132, 157)
(85, 204, 221)
(85, 720, 725)
(86, 1848, 1850)
(87, 116, 145)
(87, 416, 425)
(87, 1260, 1263)
(88, 105, 137)
(88, 165, 187)
(88, 234, 250)
(88, 480, 488)
(88, 966, 970)
(88, 1935, 1937)
(90, 120, 150)
(90, 216, 234)
(90, 400, 410)
(90, 672, 678)
(91, 312, 325)
(91, 588, 595)
(92, 525, 533)
(92, 1056, 1060)
(93, 124, 155)
(93, 476, 485)
(93, 1440, 1443)
(95, 168, 193)
(95, 228, 247)
(95, 900, 905)
(96, 110, 146)
(96, 128, 160)
(96, 180, 204)
(96, 247, 265)
(96, 280, 296)
(96, 378, 390)
(96, 572, 580)
(96, 765, 771)
(96, 1150, 1154)
(98, 336, 350)
(99, 132, 165)
(99, 168, 195)
(99, 440, 451)
(99, 540, 549)
(99, 1632, 1635)
(100, 105, 145)
(100, 240, 260)
(100, 495, 505)
(100, 621, 629)
(100, 1248, 1252)
(102, 136, 170)
(102, 280, 298)
(102, 864, 870)
(104, 153, 185)
(104, 195, 221)
(104, 330, 346)
(104, 672, 680)
(104, 1350, 1354)
(105, 140, 175)
(105, 208, 233)
(105, 252, 273)
(105, 360, 375)
(105, 608, 617)
(105, 784, 791)
(105, 1100, 1105)
(105, 1836, 1839)
(108, 144, 180)
(108, 231, 255)
(108, 315, 333)
(108, 480, 492)
(108, 725, 733)
(108, 969, 975)
(108, 1456, 1460)
(110, 264, 286)
(110, 600, 610)
(111, 148, 185)
(111, 680, 689)
(112, 180, 212)
(112, 210, 238)
(112, 384, 400)
(112, 441, 455)
(112, 780, 788)
(112, 1566, 1570)
(114, 152, 190)
(114, 352, 370)
(114, 1080, 1086)
(115, 252, 277)
(115, 276, 299)
(115, 1320, 1325)
(116, 837, 845)
(116, 1680, 1684)
(117, 156, 195)
(117, 240, 267)
(117, 520, 533)
(117, 756, 765)
(119, 120, 169)
(119, 408, 425)
(119, 1008, 1015)
(120, 126, 174)
(120, 160, 200)
(120, 182, 218)
(120, 209, 241)
(120, 225, 255)
(120, 288, 312)
(120, 350, 370)
(120, 391, 409)
(120, 442, 458)
(120, 594, 606)
(120, 715, 725)
(120, 896, 904)
(120, 1197, 1203)
(120, 1798, 1802)
(121, 660, 671)
(123, 164, 205)
(123, 836, 845)
(124, 957, 965)
(124, 1920, 1924)
(125, 300, 325)
(125, 1560, 1565)
(126, 168, 210)
(126, 432, 450)
(126, 560, 574)
(126, 1320, 1326)
(128, 240, 272)
(128, 504, 520)
(128, 1020, 1028)
(129, 172, 215)
(129, 920, 929)
(130, 144, 194)
(130, 312, 338)
(130, 840, 850)
(132, 176, 220)
(132, 224, 260)
(132, 351, 375)
(132, 385, 407)
(132, 475, 493)
(132, 720, 732)
(132, 1085, 1093)
(132, 1449, 1455)
(133, 156, 205)
(133, 456, 475)
(133, 1260, 1267)
(135, 180, 225)
(135, 324, 351)
(135, 352, 377)
(135, 600, 615)
(135, 1008, 1017)
(135, 1820, 1825)
(136, 255, 289)
(136, 273, 305)
(136, 570, 586)
(136, 1152, 1160)
(138, 184, 230)
(138, 520, 538)
(138, 1584, 1590)
(140, 147, 203)
(140, 171, 221)
(140, 225, 265)
(140, 336, 364)
(140, 480, 500)
(140, 693, 707)
(140, 975, 985)
(140, 1221, 1229)
(141, 188, 235)
(141, 1100, 1109)
(143, 780, 793)
(143, 924, 935)
(144, 165, 219)
(144, 192, 240)
(144, 270, 306)
(144, 308, 340)
(144, 420, 444)
(144, 567, 585)
(144, 640, 656)
(144, 858, 870)
(144, 1292, 1300)
(144, 1725, 1731)
(145, 348, 377)
(145, 408, 433)
(147, 196, 245)
(147, 504, 525)
(147, 1196, 1205)
(147, 1540, 1547)
(148, 1365, 1373)
(150, 200, 250)
(150, 360, 390)
(150, 616, 634)
(150, 1120, 1130)
(150, 1872, 1878)
(152, 285, 323)
(152, 345, 377)
(152, 714, 730)
(152, 1440, 1448)
(153, 204, 255)
(153, 420, 447)
(153, 680, 697)
(153, 1296, 1305)
(154, 528, 550)
(154, 840, 854)
(155, 372, 403)
(155, 468, 493)
(156, 208, 260)
(156, 320, 356)
(156, 455, 481)
(156, 495, 519)
(156, 667, 685)
(156, 1008, 1020)
(156, 1517, 1525)
(159, 212, 265)
(159, 1400, 1409)
(160, 168, 232)
(160, 231, 281)
(160, 300, 340)
(160, 384, 416)
(160, 630, 650)
(160, 792, 808)
(160, 1275, 1285)
(160, 1596, 1604)
(161, 240, 289)
(161, 552, 575)
(161, 1848, 1855)
(162, 216, 270)
(162, 720, 738)
(164, 1677, 1685)
(165, 220, 275)
(165, 280, 325)
(165, 396, 429)
(165, 532, 557)
(165, 900, 915)
(165, 1232, 1243)
(165, 1508, 1517)
(168, 224, 280)
(168, 270, 318)
(168, 315, 357)
(168, 374, 410)
(168, 425, 457)
(168, 490, 518)
(168, 576, 600)
(168, 775, 793)
(168, 874, 890)
(168, 1001, 1015)
(168, 1170, 1182)
(168, 1760, 1768)
(169, 1092, 1105)
(170, 264, 314)
(170, 408, 442)
(170, 1440, 1450)
(171, 228, 285)
(171, 528, 555)
(171, 760, 779)
(171, 1620, 1629)
(172, 1845, 1853)
(174, 232, 290)
(174, 832, 850)
(175, 288, 337)
(175, 420, 455)
(175, 600, 625)
(176, 210, 274)
(176, 330, 374)
(176, 468, 500)
(176, 693, 715)
(176, 960, 976)
(176, 1932, 1940)
(177, 236, 295)
(177, 1736, 1745)
(180, 189, 261)
(180, 240, 300)
(180, 273, 327)
(180, 299, 349)
(180, 385, 425)
(180, 432, 468)
(180, 525, 555)
(180, 663, 687)
(180, 800, 820)
(180, 891, 909)
(180, 1344, 1356)
(180, 1615, 1625)
(182, 624, 650)
(182, 1176, 1190)
(183, 244, 305)
(183, 1856, 1865)
(184, 345, 391)
(184, 513, 545)
(184, 1050, 1066)
(185, 444, 481)
(185, 672, 697)
(186, 248, 310)
(186, 952, 970)
(187, 1020, 1037)
(187, 1584, 1595)
(189, 252, 315)
(189, 340, 389)
(189, 648, 675)
(189, 840, 861)
(189, 1980, 1989)
(190, 336, 386)
(190, 456, 494)
(190, 1800, 1810)
(192, 220, 292)
(192, 256, 320)
(192, 360, 408)
(192, 494, 530)
(192, 560, 592)
(192, 756, 780)
(192, 1015, 1033)
(192, 1144, 1160)
(192, 1530, 1542)
(195, 216, 291)
(195, 260, 325)
(195, 400, 445)
(195, 468, 507)
(195, 748, 773)
(195, 1260, 1275)
(195, 1456, 1469)
(196, 315, 371)
(196, 672, 700)
(196, 1365, 1379)
(198, 264, 330)
(198, 336, 390)
(198, 880, 902)
(198, 1080, 1098)
(200, 210, 290)
(200, 375, 425)
(200, 480, 520)
(200, 609, 641)
(200, 990, 1010)
(200, 1242, 1258)
(200, 1995, 2005)
(201, 268, 335)
(203, 396, 445)
(203, 696, 725)
(204, 253, 325)
(204, 272, 340)
(204, 560, 596)
(204, 595, 629)
(204, 855, 879)
(204, 1147, 1165)
(204, 1728, 1740)
(205, 492, 533)
(205, 828, 853)
(207, 224, 305)
(207, 276, 345)
(207, 780, 807)
(207, 920, 943)
(208, 306, 370)
(208, 390, 442)
(208, 660, 692)
(208, 819, 845)
(208, 1344, 1360)
(209, 1140, 1159)
(209, 1980, 1991)
(210, 280, 350)
(210, 416, 466)
(210, 504, 546)
(210, 720, 750)
(210, 1216, 1234)
(210, 1568, 1582)
(213, 284, 355)
(215, 516, 559)
(215, 912, 937)
(216, 288, 360)
(216, 405, 459)
(216, 462, 510)
(216, 630, 666)
(216, 713, 745)
(216, 960, 984)
(216, 1287, 1305)
(216, 1450, 1466)
(216, 1938, 1950)
(217, 456, 505)
(217, 744, 775)
(219, 292, 365)
(220, 231, 319)
(220, 459, 509)
(220, 528, 572)
(220, 585, 625)
(220, 1089, 1111)
(220, 1200, 1220)
(221, 1428, 1445)
(221, 1872, 1885)
(222, 296, 370)
(222, 1360, 1378)
(224, 360, 424)
(224, 420, 476)
(224, 768, 800)
(224, 882, 910)
(224, 1560, 1576)
(224, 1785, 1799)
(225, 272, 353)
(225, 300, 375)
(225, 540, 585)
(225, 924, 951)
(225, 1000, 1025)
(225, 1680, 1695)
(228, 304, 380)
(228, 325, 397)
(228, 665, 703)
(228, 704, 740)
(228, 1071, 1095)
(228, 1435, 1453)
(230, 504, 554)
(230, 552, 598)
(231, 308, 385)
(231, 392, 455)
(231, 520, 569)
(231, 792, 825)
(231, 1260, 1281)
(232, 435, 493)
(232, 825, 857)
(232, 1674, 1690)
(234, 312, 390)
(234, 480, 534)
(234, 1040, 1066)
(234, 1512, 1530)
(235, 564, 611)
(235, 1092, 1117)
(237, 316, 395)
(238, 240, 338)
(238, 816, 850)
(240, 252, 348)
(240, 275, 365)
(240, 320, 400)
(240, 364, 436)
(240, 418, 482)
(240, 450, 510)
(240, 551, 601)
(240, 576, 624)
(240, 700, 740)
(240, 782, 818)
(240, 884, 916)
(240, 945, 975)
(240, 1188, 1212)
(240, 1430, 1450)
(240, 1591, 1609)
(240, 1792, 1808)
(242, 1320, 1342)
(243, 324, 405)
(243, 1080, 1107)
(245, 588, 637)
(245, 840, 875)
(245, 1188, 1213)
(246, 328, 410)
(246, 1672, 1690)
(247, 1596, 1615)
(248, 465, 527)
(248, 945, 977)
(248, 1914, 1930)
(249, 332, 415)
(250, 600, 650)
(252, 275, 373)
(252, 336, 420)
(252, 405, 477)
(252, 539, 595)
(252, 561, 615)
(252, 735, 777)
(252, 864, 900)
(252, 1120, 1148)
(252, 1311, 1335)
(252, 1755, 1773)
(253, 1380, 1403)
(255, 340, 425)
(255, 396, 471)
(255, 612, 663)
(255, 700, 745)
(255, 1288, 1313)
(255, 1904, 1921)
(256, 480, 544)
(256, 1008, 1040)
(258, 344, 430)
(258, 1840, 1858)
(259, 660, 709)
(259, 888, 925)
(260, 273, 377)
(260, 288, 388)
(260, 624, 676)
(260, 651, 701)
(260, 825, 865)
(260, 1287, 1313)
(260, 1680, 1700)
(261, 348, 435)
(261, 380, 461)
(261, 1160, 1189)
(261, 1248, 1275)
(264, 315, 411)
(264, 352, 440)
(264, 448, 520)
(264, 495, 561)
(264, 702, 750)
(264, 770, 814)
(264, 950, 986)
(264, 1073, 1105)
(264, 1440, 1464)
(264, 1573, 1595)
(264, 1927, 1945)
(265, 636, 689)
(265, 1392, 1417)
(266, 312, 410)
(266, 912, 950)
(267, 356, 445)
(270, 360, 450)
(270, 648, 702)
(270, 704, 754)
(270, 1200, 1230)
(272, 510, 578)
(272, 546, 610)
(272, 1071, 1105)
(272, 1140, 1172)
(273, 364, 455)
(273, 560, 623)
(273, 736, 785)
(273, 936, 975)
(273, 1764, 1785)
(275, 660, 715)
(275, 1500, 1525)
(276, 368, 460)
(276, 493, 565)
(276, 805, 851)
(276, 1040, 1076)
(276, 1575, 1599)
(279, 372, 465)
(279, 440, 521)
(279, 1240, 1271)
(279, 1428, 1455)
(280, 294, 406)
(280, 342, 442)
(280, 351, 449)
(280, 450, 530)
(280, 525, 595)
(280, 672, 728)
(280, 759, 809)
(280, 960, 1000)
(280, 1209, 1241)
(280, 1386, 1414)
(280, 1950, 1970)
(282, 376, 470)
(285, 380, 475)
(285, 504, 579)
(285, 684, 741)
(285, 880, 925)
(285, 1612, 1637)
(286, 1560, 1586)
(286, 1848, 1870)
(287, 816, 865)
(287, 984, 1025)
(288, 330, 438)
(288, 384, 480)
(288, 540, 612)
(288, 616, 680)
(288, 741, 795)
(288, 840, 888)
(288, 1134, 1170)
(288, 1280, 1312)
(288, 1716, 1740)
(290, 696, 754)
(290, 816, 866)
(291, 388, 485)
(294, 392, 490)
(294, 1008, 1050)
(295, 708, 767)
(295, 1728, 1753)
(296, 555, 629)
(296, 1353, 1385)
(297, 304, 425)
(297, 396, 495)
(297, 504, 585)
(297, 1320, 1353)
(297, 1620, 1647)
(299, 1932, 1955)
(300, 315, 435)
(300, 400, 500)
(300, 455, 545)
(300, 589, 661)
(300, 720, 780)
(300, 875, 925)
(300, 1105, 1145)
(300, 1232, 1268)
(300, 1485, 1515)
(300, 1863, 1887)
(301, 900, 949)
(301, 1032, 1075)
(303, 404, 505)
(304, 570, 646)
(304, 690, 754)
(304, 1197, 1235)
(304, 1428, 1460)
(305, 732, 793)
(305, 1848, 1873)
(306, 408, 510)
(306, 840, 894)
(306, 1360, 1394)
(308, 435, 533)
(308, 495, 583)
(308, 819, 875)
(308, 1056, 1100)
(308, 1680, 1708)
(309, 412, 515)
(310, 744, 806)
(310, 936, 986)
(312, 416, 520)
(312, 459, 555)
(312, 585, 663)
(312, 640, 712)
(312, 910, 962)
(312, 990, 1038)
(312, 1334, 1370)
(312, 1505, 1537)
(312, 1859, 1885)
(315, 420, 525)
(315, 572, 653)
(315, 624, 699)
(315, 756, 819)
(315, 988, 1037)
(315, 1080, 1125)
(315, 1400, 1435)
(315, 1824, 1851)
(315, 1972, 1997)
(318, 424, 530)
(319, 360, 481)
(319, 1740, 1769)
(320, 336, 464)
(320, 462, 562)
(320, 600, 680)
(320, 768, 832)
(320, 999, 1049)
(320, 1260, 1300)
(320, 1584, 1616)
(321, 428, 535)
(322, 480, 578)
(322, 1104, 1150)
(324, 432, 540)
(324, 693, 765)
(324, 945, 999)
(324, 1440, 1476)
(325, 360, 485)
(325, 780, 845)
(327, 436, 545)
(328, 615, 697)
(328, 1665, 1697)
(329, 1080, 1129)
(329, 1128, 1175)
(330, 440, 550)
(330, 560, 650)
(330, 792, 858)
(330, 1064, 1114)
(330, 1800, 1830)
(333, 444, 555)
(333, 644, 725)
(333, 1480, 1517)
(335, 804, 871)
(336, 377, 505)
(336, 385, 511)
(336, 448, 560)
(336, 527, 625)
(336, 540, 636)
(336, 630, 714)
(336, 748, 820)
(336, 850, 914)
(336, 980, 1036)
(336, 1152, 1200)
(336, 1323, 1365)
(336, 1550, 1586)
(336, 1748, 1780)
(339, 452, 565)
(340, 357, 493)
(340, 528, 628)
(340, 816, 884)
(340, 1131, 1181)
(340, 1425, 1465)
(340, 1683, 1717)
(341, 420, 541)
(341, 1860, 1891)
(342, 456, 570)
(342, 1056, 1110)
(342, 1520, 1558)
(343, 1176, 1225)
(344, 645, 731)
(344, 1833, 1865)
(345, 460, 575)
(345, 756, 831)
(345, 828, 897)
(345, 1300, 1345)
(348, 464, 580)
(348, 805, 877)
(348, 1015, 1073)
(348, 1664, 1700)
(350, 576, 674)
(350, 840, 910)
(350, 1200, 1250)
(351, 468, 585)
(351, 720, 801)
(351, 1560, 1599)
(352, 420, 548)
(352, 660, 748)
(352, 936, 1000)
(352, 1386, 1430)
(352, 1920, 1952)
(354, 472, 590)
(355, 852, 923)
(357, 360, 507)
(357, 476, 595)
(357, 980, 1043)
(357, 1224, 1275)
(357, 1276, 1325)
(360, 378, 522)
(360, 480, 600)
(360, 546, 654)
(360, 598, 698)
(360, 627, 723)
(360, 675, 765)
(360, 770, 850)
(360, 864, 936)
(360, 1050, 1110)
(360, 1173, 1227)
(360, 1271, 1321)
(360, 1326, 1374)
(360, 1600, 1640)
(360, 1782, 1818)
(363, 484, 605)
(363, 616, 715)
(363, 1980, 2013)
(364, 585, 689)
(364, 627, 725)
(364, 1155, 1211)
(364, 1248, 1300)
(365, 876, 949)
(366, 488, 610)
(368, 465, 593)
(368, 690, 782)
(368, 1026, 1090)
(368, 1449, 1495)
(369, 492, 615)
(369, 800, 881)
(369, 1640, 1681)
(370, 888, 962)
(370, 1344, 1394)
(371, 1272, 1325)
(371, 1380, 1429)
(372, 496, 620)
(372, 925, 997)
(372, 1085, 1147)
(372, 1904, 1940)
(375, 500, 625)
(375, 900, 975)
(375, 1540, 1585)
(376, 705, 799)
(378, 504, 630)
(378, 680, 778)
(378, 1296, 1350)
(378, 1680, 1722)
(380, 399, 551)
(380, 672, 772)
(380, 912, 988)
(380, 1419, 1469)
(380, 1785, 1825)
(380, 1881, 1919)
(381, 508, 635)
(384, 440, 584)
(384, 512, 640)
(384, 720, 816)
(384, 988, 1060)
(384, 1120, 1184)
(384, 1512, 1560)
(385, 552, 673)
(385, 924, 1001)
(385, 1320, 1375)
(385, 1488, 1537)
(387, 516, 645)
(387, 884, 965)
(387, 1720, 1763)
(390, 432, 582)
(390, 520, 650)
(390, 800, 890)
(390, 936, 1014)
(390, 1496, 1546)
(392, 630, 742)
(392, 735, 833)
(392, 1344, 1400)
(393, 524, 655)
(395, 948, 1027)
(396, 403, 565)
(396, 528, 660)
(396, 672, 780)
(396, 847, 935)
(396, 1053, 1125)
(396, 1155, 1221)
(396, 1425, 1479)
(396, 1760, 1804)
(399, 468, 615)
(399, 532, 665)
(399, 1232, 1295)
(399, 1368, 1425)
(399, 1600, 1649)
(400, 420, 580)
(400, 561, 689)
(400, 750, 850)
(400, 960, 1040)
(400, 1218, 1282)
(400, 1575, 1625)
(400, 1980, 2020)
(402, 536, 670)
(405, 540, 675)
(405, 972, 1053)
(405, 1056, 1131)
(405, 1800, 1845)
(406, 792, 890)
(406, 1392, 1450)
(407, 624, 745)
(408, 506, 650)
(408, 544, 680)
(408, 765, 867)
(408, 819, 915)
(408, 1120, 1192)
(408, 1190, 1258)
(408, 1710, 1758)
(410, 984, 1066)
(410, 1656, 1706)
(411, 548, 685)
(413, 1416, 1475)
(413, 1716, 1765)
(414, 448, 610)
(414, 552, 690)
(414, 1560, 1614)
(414, 1840, 1886)
(415, 996, 1079)
(416, 612, 740)
(416, 780, 884)
(416, 1320, 1384)
(416, 1638, 1690)
(417, 556, 695)
(420, 441, 609)
(420, 513, 663)
(420, 560, 700)
(420, 637, 763)
(420, 675, 795)
(420, 832, 932)
(420, 851, 949)
(420, 935, 1025)
(420, 1008, 1092)
(420, 1189, 1261)
(420, 1225, 1295)
(420, 1440, 1500)
(420, 1547, 1603)
(420, 1739, 1789)
(423, 564, 705)
(423, 1064, 1145)
(423, 1880, 1927)
(424, 795, 901)
(425, 660, 785)
(425, 1020, 1105)
(426, 568, 710)
(427, 1464, 1525)
(427, 1836, 1885)
(429, 460, 629)
(429, 572, 715)
(429, 700, 821)
(429, 728, 845)
(429, 880, 979)
(430, 1032, 1118)
(430, 1824, 1874)
(432, 495, 657)
(432, 576, 720)
(432, 665, 793)
(432, 810, 918)
(432, 924, 1020)
(432, 1260, 1332)
(432, 1426, 1490)
(432, 1701, 1755)
(432, 1920, 1968)
(434, 912, 1010)
(434, 1488, 1550)
(435, 580, 725)
(435, 1044, 1131)
(435, 1224, 1299)
(438, 584, 730)
(440, 462, 638)
(440, 525, 685)
(440, 825, 935)
(440, 918, 1018)
(440, 1056, 1144)
(440, 1170, 1250)
(440, 1911, 1961)
(441, 588, 735)
(441, 1160, 1241)
(441, 1512, 1575)
(441, 1960, 2009)
(444, 592, 740)
(444, 1295, 1369)
(444, 1333, 1405)
(445, 1068, 1157)
(447, 596, 745)
(448, 720, 848)
(448, 840, 952)
(448, 975, 1073)
(448, 1536, 1600)
(448, 1764, 1820)
(450, 544, 706)
(450, 600, 750)
(450, 1080, 1170)
(450, 1848, 1902)
(451, 780, 901)
(453, 604, 755)
(455, 504, 679)
(455, 528, 697)
(455, 1092, 1183)
(455, 1560, 1625)
(456, 608, 760)
(456, 650, 794)
(456, 855, 969)
(456, 1035, 1131)
(456, 1330, 1406)
(456, 1408, 1480)
(459, 612, 765)
(459, 1260, 1341)
(460, 483, 667)
(460, 1008, 1108)
(460, 1104, 1196)
(462, 616, 770)
(462, 784, 910)
(462, 1040, 1138)
(462, 1584, 1650)
(464, 777, 905)
(464, 870, 986)
(464, 1650, 1714)
(464, 1827, 1885)
(465, 620, 775)
(465, 1116, 1209)
(465, 1404, 1479)
(468, 595, 757)
(468, 624, 780)
(468, 960, 1068)
(468, 1001, 1105)
(468, 1365, 1443)
(468, 1485, 1557)
(469, 1608, 1675)
(470, 1128, 1222)
(471, 628, 785)
(472, 885, 1003)
(473, 864, 985)
(474, 632, 790)
(475, 840, 965)
(475, 1140, 1235)
(476, 480, 676)
(476, 765, 901)
(476, 1107, 1205)
(476, 1632, 1700)
(476, 1995, 2051)
(477, 636, 795)
(477, 1364, 1445)
(480, 504, 696)
(480, 550, 730)
(480, 640, 800)
(480, 693, 843)
(480, 728, 872)
(480, 836, 964)
(480, 900, 1020)
(480, 1102, 1202)
(480, 1152, 1248)
(480, 1235, 1325)
(480, 1400, 1480)
(480, 1564, 1636)
(480, 1768, 1832)
(480, 1890, 1950)
(481, 600, 769)
(483, 644, 805)
(483, 720, 867)
(483, 1656, 1725)
(483, 1820, 1883)
(484, 1287, 1375)
(485, 1164, 1261)
(486, 648, 810)
(488, 915, 1037)
(489, 652, 815)
(490, 1176, 1274)
(490, 1680, 1750)
(492, 656, 820)
(492, 1435, 1517)
(492, 1645, 1717)
(495, 660, 825)
(495, 840, 975)
(495, 952, 1073)
(495, 1188, 1287)
(495, 1472, 1553)
(495, 1596, 1671)
(496, 897, 1025)
(496, 930, 1054)
(496, 1890, 1954)
(496, 1953, 2015)
(497, 1704, 1775)
(498, 664, 830)
(500, 525, 725)
(500, 1200, 1300)
(501, 668, 835)
(504, 550, 746)
(504, 672, 840)
(504, 703, 865)
(504, 810, 954)
(504, 945, 1071)
(504, 1078, 1190)
(504, 1122, 1230)
(504, 1247, 1345)
(504, 1275, 1371)
(504, 1470, 1554)
(504, 1728, 1800)
(505, 1212, 1313)
(507, 676, 845)
(507, 1040, 1157)
(510, 680, 850)
(510, 792, 942)
(510, 1224, 1326)
(510, 1400, 1490)
(511, 1752, 1825)
(512, 960, 1088)
(513, 684, 855)
(513, 1584, 1665)
(515, 1236, 1339)
(516, 688, 860)
(516, 1505, 1591)
(516, 1813, 1885)
(517, 1044, 1165)
(518, 1320, 1418)
(518, 1776, 1850)
(519, 692, 865)
(520, 546, 754)
(520, 576, 776)
(520, 765, 925)
(520, 975, 1105)
(520, 1248, 1352)
(520, 1302, 1402)
(520, 1650, 1730)
(522, 696, 870)
(522, 760, 922)
(525, 700, 875)
(525, 864, 1011)
(525, 1040, 1165)
(525, 1260, 1365)
(525, 1800, 1875)
(528, 605, 803)
(528, 630, 822)
(528, 704, 880)
(528, 896, 1040)
(528, 990, 1122)
(528, 1025, 1153)
(528, 1404, 1500)
(528, 1540, 1628)
(528, 1900, 1972)
(530, 1272, 1378)
(531, 708, 885)
(531, 1700, 1781)
(532, 624, 820)
(532, 855, 1007)
(532, 1395, 1493)
(532, 1824, 1900)
(533, 756, 925)
(534, 712, 890)
(535, 1284, 1391)
(536, 1005, 1139)
(537, 716, 895)
(539, 1140, 1261)
(539, 1848, 1925)
(540, 567, 783)
(540, 629, 829)
(540, 720, 900)
(540, 819, 981)
(540, 897, 1047)
(540, 1155, 1275)
(540, 1296, 1404)
(540, 1408, 1508)
(540, 1575, 1665)
(540, 1989, 2061)
(543, 724, 905)
(544, 1020, 1156)
(544, 1092, 1220)
(545, 1308, 1417)
(546, 728, 910)
(546, 1120, 1246)
(546, 1472, 1570)
(546, 1872, 1950)
(549, 732, 915)
(549, 1820, 1901)
(550, 1320, 1430)
(552, 736, 920)
(552, 986, 1130)
(552, 1035, 1173)
(552, 1539, 1635)
(552, 1610, 1702)
(553, 1896, 1975)
(555, 572, 797)
(555, 740, 925)
(555, 1332, 1443)
(558, 744, 930)
(558, 880, 1042)
(559, 840, 1009)
(560, 588, 812)
(560, 684, 884)
(560, 702, 898)
(560, 900, 1060)
(560, 1050, 1190)
(560, 1161, 1289)
(560, 1344, 1456)
(560, 1518, 1618)
(560, 1551, 1649)
(560, 1920, 2000)
(561, 748, 935)
(561, 952, 1105)
(561, 1240, 1361)
(561, 1540, 1639)
(564, 752, 940)
(564, 1645, 1739)
(565, 1356, 1469)
(567, 756, 945)
(567, 1020, 1167)
(567, 1944, 2025)
(568, 1065, 1207)
(570, 760, 950)
(570, 1008, 1158)
(570, 1368, 1482)
(570, 1760, 1850)
(572, 1521, 1625)
(572, 1815, 1903)
(573, 764, 955)
(574, 1632, 1730)
(574, 1968, 2050)
(575, 1260, 1385)
(575, 1380, 1495)
(576, 660, 876)
(576, 768, 960)
(576, 943, 1105)
(576, 1080, 1224)
(576, 1232, 1360)
(576, 1482, 1590)
(576, 1680, 1776)
(579, 772, 965)
(580, 609, 841)
(580, 741, 941)
(580, 1392, 1508)
(580, 1632, 1732)
(581, 1992, 2075)
(582, 776, 970)
(583, 1344, 1465)
(584, 1095, 1241)
(585, 648, 873)
(585, 780, 975)
(585, 928, 1097)
(585, 1200, 1335)
(585, 1404, 1521)
(588, 784, 980)
(588, 945, 1113)
(588, 1309, 1435)
(588, 1715, 1813)
(590, 1416, 1534)
(591, 788, 985)
(592, 1110, 1258)
(592, 1305, 1433)
(594, 608, 850)
(594, 792, 990)
(594, 1008, 1170)
(595, 600, 845)
(595, 924, 1099)
(595, 1428, 1547)
(597, 796, 995)
(600, 630, 870)
(600, 800, 1000)
(600, 910, 1090)
(600, 1045, 1205)
(600, 1125, 1275)
(600, 1178, 1322)
(600, 1440, 1560)
(600, 1750, 1850)
(600, 1827, 1923)
(600, 1955, 2045)
(602, 1800, 1898)
(603, 804, 1005)
(605, 1452, 1573)
(606, 808, 1010)
(608, 1140, 1292)
(608, 1380, 1508)
(609, 812, 1015)
(609, 1188, 1335)
(610, 1464, 1586)
(611, 1020, 1189)
(612, 759, 975)
(612, 816, 1020)
(612, 1075, 1237)
(612, 1309, 1445)
(612, 1680, 1788)
(612, 1785, 1887)
(615, 728, 953)
(615, 820, 1025)
(615, 1476, 1599)
(616, 663, 905)
(616, 735, 959)
(616, 870, 1066)
(616, 990, 1166)
(616, 1155, 1309)
(616, 1638, 1750)
(616, 1887, 1985)
(618, 824, 1030)
(620, 651, 899)
(620, 861, 1061)
(620, 1488, 1612)
(620, 1872, 1972)
(621, 672, 915)
(621, 828, 1035)
(624, 715, 949)
(624, 832, 1040)
(624, 918, 1110)
(624, 1170, 1326)
(624, 1280, 1424)
(624, 1457, 1585)
(624, 1820, 1924)
(624, 1980, 2076)
(625, 1500, 1625)
(627, 836, 1045)
(627, 1064, 1235)
(627, 1564, 1685)
(627, 1936, 2035)
(630, 840, 1050)
(630, 1144, 1306)
(630, 1248, 1398)
(630, 1512, 1638)
(630, 1976, 2074)
(632, 1185, 1343)
(633, 844, 1055)
(635, 1524, 1651)
(636, 848, 1060)
(636, 1855, 1961)
(637, 1116, 1285)
(638, 720, 962)
(639, 852, 1065)
(640, 672, 928)
(640, 924, 1124)
(640, 1200, 1360)
(640, 1536, 1664)
(640, 1998, 2098)
(642, 856, 1070)
(644, 960, 1156)
(644, 1035, 1219)
(645, 812, 1037)
(645, 860, 1075)
(645, 1548, 1677)
(648, 864, 1080)
(648, 1215, 1377)
(648, 1386, 1530)
(648, 1890, 1998)
(649, 1680, 1801)
(650, 720, 970)
(650, 1560, 1690)
(651, 868, 1085)
(651, 1368, 1515)
(654, 872, 1090)
(655, 1572, 1703)
(656, 1230, 1394)
(656, 1617, 1745)
(657, 876, 1095)
(660, 693, 957)
(660, 779, 1021)
(660, 880, 1100)
(660, 989, 1189)
(660, 1001, 1199)
(660, 1120, 1300)
(660, 1377, 1527)
(660, 1584, 1716)
(660, 1755, 1875)
(660, 1925, 2035)
(663, 884, 1105)
(663, 1216, 1385)
(663, 1360, 1513)
(663, 1820, 1937)
(664, 1245, 1411)
(665, 780, 1025)
(665, 1176, 1351)
(665, 1596, 1729)
(666, 888, 1110)
(666, 1288, 1450)
(669, 892, 1115)
(670, 1608, 1742)
(671, 1800, 1921)
(672, 754, 1010)
(672, 770, 1022)
(672, 896, 1120)
(672, 1054, 1250)
(672, 1080, 1272)
(672, 1260, 1428)
(672, 1496, 1640)
(672, 1700, 1828)
(672, 1729, 1855)
(672, 1960, 2072)
(675, 816, 1059)
(675, 900, 1125)
(675, 1620, 1755)
(675, 1760, 1885)
(678, 904, 1130)
(680, 714, 986)
(680, 1056, 1256)
(680, 1275, 1445)
(680, 1365, 1525)
(680, 1632, 1768)
(681, 908, 1135)
(682, 840, 1082)
(684, 912, 1140)
(684, 975, 1191)
(684, 1363, 1525)
(684, 1463, 1615)
(684, 1995, 2109)
(685, 1644, 1781)
(687, 916, 1145)
(688, 1290, 1462)
(688, 1785, 1913)
(689, 1320, 1489)
(690, 920, 1150)
(690, 1512, 1662)
(690, 1656, 1794)
(693, 924, 1155)
(693, 1176, 1365)
(693, 1560, 1707)
(693, 1924, 2045)
(695, 1668, 1807)
(696, 697, 985)
(696, 928, 1160)
(696, 1305, 1479)
(696, 1610, 1754)
(699, 932, 1165)
(700, 735, 1015)
(700, 855, 1105)
(700, 1125, 1325)
(700, 1152, 1348)
(700, 1680, 1820)
(702, 936, 1170)
(702, 1440, 1602)
(704, 840, 1096)
(704, 903, 1145)
(704, 1320, 1496)
(704, 1872, 2000)
(705, 940, 1175)
(705, 992, 1217)
(705, 1692, 1833)
(708, 944, 1180)
(710, 1704, 1846)
(711, 948, 1185)
(712, 1335, 1513)
(714, 720, 1014)
(714, 952, 1190)
(714, 1960, 2086)
(715, 792, 1067)
(715, 1428, 1597)
(715, 1716, 1859)
(717, 956, 1195)
(720, 756, 1044)
(720, 825, 1095)
(720, 960, 1200)
(720, 1092, 1308)
(720, 1196, 1396)
(720, 1254, 1446)
(720, 1350, 1530)
(720, 1519, 1681)
(720, 1540, 1700)
(720, 1653, 1803)
(720, 1728, 1872)
(720, 1961, 2089)
(723, 964, 1205)
(725, 1740, 1885)
(726, 968, 1210)
(726, 1232, 1430)
(728, 1071, 1295)
(728, 1170, 1378)
(728, 1254, 1450)
(728, 1365, 1547)
(729, 972, 1215)
(730, 1752, 1898)
(731, 780, 1069)
(732, 976, 1220)
(735, 980, 1225)
(735, 1088, 1313)
(735, 1456, 1631)
(735, 1764, 1911)
(736, 930, 1186)
(736, 1380, 1564)
(738, 984, 1230)
(738, 1600, 1762)
(740, 777, 1073)
(740, 1269, 1469)
(740, 1776, 1924)
(741, 988, 1235)
(741, 1520, 1691)
(741, 1540, 1709)
(744, 817, 1105)
(744, 992, 1240)
(744, 1395, 1581)
(744, 1850, 1994)
(745, 1788, 1937)
(747, 996, 1245)
(748, 1035, 1277)
(748, 1989, 2125)
(750, 1000, 1250)
(750, 1800, 1950)
(752, 1410, 1598)
(753, 1004, 1255)
(755, 1812, 1963)
(756, 825, 1119)
(756, 1008, 1260)
(756, 1215, 1431)
(756, 1360, 1556)
(756, 1617, 1785)
(756, 1683, 1845)
(759, 1012, 1265)
(759, 1288, 1495)
(760, 798, 1102)
(760, 1344, 1544)
(760, 1425, 1615)
(760, 1725, 1885)
(760, 1824, 1976)
(762, 1016, 1270)
(765, 868, 1157)
(765, 1020, 1275)
(765, 1188, 1413)
(765, 1836, 1989)
(767, 1656, 1825)
(768, 880, 1168)
(768, 1024, 1280)
(768, 1440, 1632)
(768, 1976, 2120)
(770, 1104, 1346)
(770, 1848, 2002)
(771, 1028, 1285)
(774, 1032, 1290)
(774, 1768, 1930)
(775, 1860, 2015)
(776, 1455, 1649)
(777, 1036, 1295)
(777, 1980, 2127)
(780, 819, 1131)
(780, 864, 1164)
(780, 1040, 1300)
(780, 1183, 1417)
(780, 1421, 1621)
(780, 1600, 1780)
(780, 1872, 2028)
(780, 1953, 2103)
(783, 1044, 1305)
(783, 1140, 1383)
(784, 1260, 1484)
(784, 1470, 1666)
(785, 1884, 2041)
(786, 1048, 1310)
(789, 1052, 1315)
(790, 1896, 2054)
(792, 806, 1130)
(792, 945, 1233)
(792, 1056, 1320)
(792, 1175, 1417)
(792, 1344, 1560)
(792, 1485, 1683)
(792, 1694, 1870)
(792, 1855, 2017)
(793, 1776, 1945)
(795, 1060, 1325)
(795, 1292, 1517)
(795, 1908, 2067)
(798, 936, 1230)
(798, 1064, 1330)
(799, 960, 1249)
(800, 840, 1160)
(800, 1122, 1378)
(800, 1155, 1405)
(800, 1500, 1700)
(800, 1920, 2080)
(801, 1068, 1335)
(804, 1072, 1340)
(805, 1200, 1445)
(805, 1764, 1939)
(805, 1932, 2093)
(807, 1076, 1345)
(808, 1515, 1717)
(810, 1080, 1350)
(810, 1944, 2106)
(812, 1305, 1537)
(812, 1584, 1780)
(813, 1084, 1355)
(814, 1248, 1490)
(815, 1956, 2119)
(816, 935, 1241)
(816, 1012, 1300)
(816, 1088, 1360)
(816, 1530, 1734)
(816, 1638, 1830)
(819, 1092, 1365)
(819, 1680, 1869)
(819, 1900, 2069)
(820, 861, 1189)
(820, 1581, 1781)
(820, 1968, 2132)
(822, 1096, 1370)
(824, 1545, 1751)
(825, 1100, 1375)
(825, 1400, 1625)
(825, 1980, 2145)
(828, 896, 1220)
(828, 1104, 1380)
(828, 1479, 1695)
(828, 1771, 1955)
(830, 1992, 2158)
(831, 1108, 1385)
(832, 855, 1193)
(832, 1224, 1480)
(832, 1560, 1768)
(833, 840, 1183)
(833, 1056, 1345)
(834, 1112, 1390)
(836, 1323, 1565)
(837, 1116, 1395)
(837, 1320, 1563)
(840, 882, 1218)
(840, 1026, 1326)
(840, 1053, 1347)
(840, 1081, 1369)
(840, 1120, 1400)
(840, 1274, 1526)
(840, 1350, 1590)
(840, 1463, 1687)
(840, 1575, 1785)
(840, 1664, 1864)
(840, 1702, 1898)
(840, 1870, 2050)
(843, 1124, 1405)
(845, 936, 1261)
(846, 1128, 1410)
(848, 1590, 1802)
(849, 1132, 1415)
(850, 1320, 1570)
(852, 1136, 1420)
(855, 1140, 1425)
(855, 1512, 1737)
(856, 1605, 1819)
(858, 920, 1258)
(858, 1144, 1430)
(858, 1400, 1642)
(858, 1456, 1690)
(858, 1760, 1958)
(860, 903, 1247)
(860, 1749, 1949)
(861, 1148, 1435)
(864, 990, 1314)
(864, 1152, 1440)
(864, 1330, 1586)
(864, 1620, 1836)
(864, 1848, 2040)
(867, 1156, 1445)
(868, 1395, 1643)
(868, 1824, 2020)
(870, 1160, 1450)
(872, 1635, 1853)
(873, 1164, 1455)
(875, 1440, 1685)
(876, 1168, 1460)
(879, 1172, 1465)
(880, 924, 1276)
(880, 1050, 1370)
(880, 1479, 1721)
(880, 1650, 1870)
(880, 1836, 2036)
(882, 1176, 1470)
(884, 987, 1325)
(885, 1180, 1475)
(885, 1628, 1853)
(888, 1184, 1480)
(888, 1225, 1513)
(888, 1665, 1887)
(891, 912, 1275)
(891, 1188, 1485)
(891, 1512, 1755)
(893, 924, 1285)
(894, 1192, 1490)
(896, 1440, 1696)
(896, 1680, 1904)
(896, 1950, 2146)
(897, 1196, 1495)
(897, 1840, 2047)
(900, 945, 1305)
(900, 1088, 1412)
(900, 1200, 1500)
(900, 1365, 1635)
(900, 1495, 1745)
(900, 1767, 1983)
(900, 1925, 2125)
(901, 1260, 1549)
(902, 1560, 1802)
(903, 1204, 1505)
(904, 1695, 1921)
(906, 1208, 1510)
(909, 1212, 1515)
(910, 1008, 1358)
(910, 1056, 1394)
(912, 1045, 1387)
(912, 1216, 1520)
(912, 1300, 1588)
(912, 1710, 1938)
(915, 1220, 1525)
(915, 1748, 1973)
(918, 1224, 1530)
(920, 966, 1334)
(920, 1725, 1955)
(921, 1228, 1535)
(924, 1232, 1540)
(924, 1305, 1599)
(924, 1485, 1749)
(924, 1568, 1820)
(924, 1643, 1885)
(927, 1236, 1545)
(928, 1554, 1810)
(928, 1740, 1972)
(930, 1240, 1550)
(931, 1020, 1381)
(931, 1092, 1435)
(933, 1244, 1555)
(935, 1368, 1657)
(935, 1452, 1727)
(936, 1127, 1465)
(936, 1190, 1514)
(936, 1248, 1560)
(936, 1377, 1665)
(936, 1755, 1989)
(936, 1920, 2136)
(939, 1252, 1565)
(940, 987, 1363)
(942, 1256, 1570)
(944, 1770, 2006)
(945, 1260, 1575)
(945, 1700, 1945)
(945, 1716, 1959)
(945, 1872, 2097)
(946, 1728, 1970)
(948, 1264, 1580)
(950, 1680, 1930)
(951, 1268, 1585)
(952, 960, 1352)
(952, 1530, 1802)
(952, 1785, 2023)
(952, 1911, 2135)
(954, 1272, 1590)
(957, 1080, 1443)
(957, 1276, 1595)
(957, 1624, 1885)
(960, 1008, 1392)
(960, 1100, 1460)
(960, 1280, 1600)
(960, 1386, 1686)
(960, 1456, 1744)
(960, 1672, 1928)
(960, 1800, 2040)
(962, 1200, 1538)
(963, 1284, 1605)
(966, 1288, 1610)
(966, 1440, 1734)
(968, 1155, 1507)
(968, 1815, 2057)
(969, 1120, 1481)
(969, 1292, 1615)
(969, 1480, 1769)
(972, 1296, 1620)
(975, 1080, 1455)
(975, 1300, 1625)
(976, 1830, 2074)
(978, 1304, 1630)
(980, 1029, 1421)
(980, 1197, 1547)
(980, 1575, 1855)
(981, 1308, 1635)
(984, 1312, 1640)
(984, 1537, 1825)
(984, 1845, 2091)
(987, 1316, 1645)
(988, 1275, 1613)
(990, 1320, 1650)
(990, 1680, 1950)
(990, 1904, 2146)
(992, 1794, 2050)
(992, 1860, 2108)
(993, 1324, 1655)
(996, 1328, 1660)
(999, 1332, 1665)
(999, 1932, 2175)
(1000, 1050, 1450)
(1000, 1875, 2125)
(1002, 1336, 1670)
(1003, 1596, 1885)
(1005, 1340, 1675)
(1007, 1224, 1585)
(1008, 1100, 1492)
(1008, 1131, 1515)
(1008, 1155, 1533)
(1008, 1344, 1680)
(1008, 1406, 1730)
(1008, 1581, 1875)
(1008, 1620, 1908)
(1008, 1890, 2142)
(1011, 1348, 1685)
(1012, 1995, 2237)
(1014, 1352, 1690)
(1015, 1980, 2225)
(1016, 1905, 2159)
(1017, 1356, 1695)
(1020, 1071, 1479)
(1020, 1265, 1625)
(1020, 1360, 1700)
(1020, 1547, 1853)
(1020, 1584, 1884)
(1023, 1260, 1623)
(1023, 1364, 1705)
(1023, 1736, 2015)
(1024, 1920, 2176)
(1026, 1368, 1710)
(1029, 1372, 1715)
(1032, 1376, 1720)
(1032, 1705, 1993)
(1032, 1935, 2193)
(1035, 1120, 1525)
(1035, 1380, 1725)
(1036, 1173, 1565)
(1036, 1665, 1961)
(1037, 1716, 2005)
(1038, 1384, 1730)
(1040, 1092, 1508)
(1040, 1152, 1552)
(1040, 1431, 1769)
(1040, 1530, 1850)
(1040, 1950, 2210)
(1041, 1388, 1735)
(1044, 1392, 1740)
(1044, 1520, 1844)
(1045, 1332, 1693)
(1045, 1848, 2123)
(1047, 1396, 1745)
(1048, 1965, 2227)
(1050, 1400, 1750)
(1050, 1728, 2022)
(1053, 1404, 1755)
(1056, 1210, 1606)
(1056, 1260, 1644)
(1056, 1408, 1760)
(1056, 1792, 2080)
(1056, 1980, 2244)
(1059, 1412, 1765)
(1060, 1113, 1537)
(1062, 1416, 1770)
(1064, 1248, 1640)
(1064, 1710, 2014)
(1064, 1995, 2261)
(1065, 1420, 1775)
(1066, 1512, 1850)
(1068, 1424, 1780)
(1071, 1080, 1521)
(1071, 1428, 1785)
(1071, 1840, 2129)
(1074, 1432, 1790)
(1077, 1436, 1795)
(1080, 1134, 1566)
(1080, 1258, 1658)
(1080, 1440, 1800)
(1080, 1638, 1962)
(1080, 1794, 2094)
(1080, 1881, 2169)
(1083, 1444, 1805)
(1086, 1448, 1810)
(1089, 1452, 1815)
(1089, 1848, 2145)
(1092, 1325, 1717)
(1092, 1456, 1820)
(1092, 1595, 1933)
(1092, 1755, 2067)
(1092, 1881, 2175)
(1095, 1460, 1825)
(1098, 1464, 1830)
(1100, 1155, 1595)
(1101, 1468, 1835)
(1104, 1265, 1679)
(1104, 1395, 1779)
(1104, 1472, 1840)
(1104, 1972, 2260)
(1105, 1224, 1649)
(1105, 1716, 2041)
(1105, 1968, 2257)
(1107, 1476, 1845)
(1110, 1144, 1594)
(1110, 1480, 1850)
(1113, 1184, 1625)
(1113, 1484, 1855)
(1116, 1488, 1860)
(1116, 1760, 2084)
(1118, 1680, 2018)
(1119, 1492, 1865)
(1120, 1176, 1624)
(1120, 1368, 1768)
(1120, 1404, 1796)
(1120, 1617, 1967)
(1120, 1800, 2120)
(1121, 1560, 1921)
(1122, 1496, 1870)
(1122, 1904, 2210)
(1125, 1360, 1765)
(1125, 1500, 1875)
(1127, 1680, 2023)
(1128, 1504, 1880)
(1131, 1508, 1885)
(1134, 1512, 1890)
(1137, 1516, 1895)
(1140, 1197, 1653)
(1140, 1219, 1669)
(1140, 1520, 1900)
(1140, 1625, 1985)
(1140, 1729, 2071)
(1143, 1524, 1905)
(1144, 1365, 1781)
(1144, 1683, 2035)
(1144, 1767, 2105)
(1146, 1528, 1910)
(1148, 1485, 1877)
(1148, 1845, 2173)
(1149, 1532, 1915)
(1152, 1320, 1752)
(1152, 1536, 1920)
(1152, 1886, 2210)
(1155, 1292, 1733)
(1155, 1540, 1925)
(1155, 1656, 2019)
(1155, 1960, 2275)
(1158, 1544, 1930)
(1159, 1680, 2041)
(1160, 1218, 1682)
(1160, 1482, 1882)
(1161, 1548, 1935)
(1164, 1552, 1940)
(1167, 1556, 1945)
(1170, 1296, 1746)
(1170, 1560, 1950)
(1170, 1856, 2194)
(1173, 1564, 1955)
(1176, 1568, 1960)
(1176, 1890, 2226)
(1179, 1572, 1965)
(1180, 1239, 1711)
(1182, 1576, 1970)
(1185, 1580, 1975)
(1188, 1209, 1695)
(1188, 1216, 1700)
(1188, 1584, 1980)
(1190, 1200, 1690)
(1190, 1848, 2198)
(1191, 1588, 1985)
(1194, 1592, 1990)
(1196, 1947, 2285)
(1197, 1404, 1845)
(1197, 1596, 1995)
(1197, 1804, 2165)
(1200, 1260, 1740)
(1200, 1375, 1825)
(1200, 1600, 2000)
(1200, 1683, 2067)
(1200, 1820, 2180)
(1203, 1604, 2005)
(1204, 1653, 2045)
(1204, 1935, 2279)
(1206, 1608, 2010)
(1209, 1612, 2015)
(1212, 1616, 2020)
(1215, 1620, 2025)
(1218, 1624, 2030)
(1220, 1281, 1769)
(1221, 1628, 2035)
(1221, 1872, 2235)
(1224, 1518, 1950)
(1224, 1632, 2040)
(1227, 1636, 2045)
(1230, 1456, 1906)
(1230, 1640, 2050)
(1232, 1326, 1810)
(1232, 1470, 1918)
(1232, 1740, 2132)
(1232, 1980, 2332)
(1233, 1644, 2055)
(1235, 1368, 1843)
(1235, 1932, 2293)
(1236, 1648, 2060)
(1239, 1520, 1961)
(1239, 1652, 2065)
(1240, 1302, 1798)
(1240, 1722, 2122)
(1242, 1344, 1830)
(1242, 1656, 2070)
(1245, 1660, 2075)
(1248, 1265, 1777)
(1248, 1430, 1898)
(1248, 1664, 2080)
(1248, 1836, 2220)
(1251, 1668, 2085)
(1254, 1672, 2090)
(1257, 1676, 2095)
(1260, 1323, 1827)
(1260, 1375, 1865)
(1260, 1539, 1989)
(1260, 1680, 2100)
(1260, 1829, 2221)
(1260, 1911, 2289)
(1263, 1684, 2105)
(1266, 1688, 2110)
(1269, 1692, 2115)
(1272, 1696, 2120)
(1275, 1700, 2125)
(1275, 1980, 2355)
(1276, 1440, 1924)
(1278, 1704, 2130)
(1280, 1344, 1856)
(1280, 1848, 2248)
(1281, 1640, 2081)
(1281, 1708, 2135)
(1284, 1712, 2140)
(1287, 1380, 1887)
(1287, 1716, 2145)
(1288, 1920, 2312)
(1290, 1624, 2074)
(1290, 1720, 2150)
(1293, 1724, 2155)
(1296, 1485, 1971)
(1296, 1728, 2160)
(1296, 1995, 2379)
(1299, 1732, 2165)
(1300, 1365, 1885)
(1300, 1440, 1940)
(1302, 1736, 2170)
(1305, 1740, 2175)
(1305, 1900, 2305)
(1308, 1744, 2180)
(1309, 1320, 1859)
(1311, 1360, 1889)
(1311, 1748, 2185)
(1312, 1425, 1937)
(1314, 1752, 2190)
(1317, 1756, 2195)
(1320, 1386, 1914)
(1320, 1558, 2042)
(1320, 1575, 2055)
(1320, 1711, 2161)
(1320, 1760, 2200)
(1320, 1978, 2378)
(1323, 1764, 2205)
(1326, 1768, 2210)
(1329, 1772, 2215)
(1330, 1560, 2050)
(1332, 1776, 2220)
(1335, 1780, 2225)
(1338, 1784, 2230)
(1340, 1407, 1943)
(1341, 1788, 2235)
(1344, 1508, 2020)
(1344, 1540, 2044)
(1344, 1792, 2240)
(1347, 1796, 2245)
(1350, 1632, 2118)
(1350, 1800, 2250)
(1352, 1989, 2405)
(1353, 1804, 2255)
(1356, 1808, 2260)
(1357, 1476, 2005)
(1359, 1812, 2265)
(1360, 1428, 1972)
(1362, 1816, 2270)
(1364, 1680, 2164)
(1365, 1512, 2037)
(1365, 1584, 2091)
(1365, 1820, 2275)
(1365, 1892, 2333)
(1368, 1824, 2280)
(1368, 1950, 2382)
(1371, 1828, 2285)
(1374, 1832, 2290)
(1376, 1593, 2105)
(1377, 1836, 2295)
(1380, 1449, 2001)
(1380, 1840, 2300)
(1380, 1891, 2341)
(1383, 1844, 2305)
(1386, 1848, 2310)
(1389, 1852, 2315)
(1392, 1394, 1970)
(1392, 1595, 2117)
(1392, 1856, 2320)
(1395, 1860, 2325)
(1398, 1864, 2330)
(1400, 1470, 2030)
(1400, 1710, 2210)
(1400, 1755, 2245)
(1401, 1868, 2335)
(1403, 1596, 2125)
(1404, 1785, 2271)
(1404, 1872, 2340)
(1407, 1876, 2345)
(1408, 1680, 2192)
(1408, 1806, 2290)
(1410, 1880, 2350)
(1410, 1984, 2434)
(1413, 1884, 2355)
(1416, 1888, 2360)
(1419, 1892, 2365)
(1420, 1491, 2059)
(1422, 1896, 2370)
(1425, 1900, 2375)
(1428, 1440, 2028)
(1428, 1475, 2053)
(1428, 1771, 2275)
(1428, 1904, 2380)
(1430, 1584, 2134)
(1431, 1908, 2385)
(1434, 1912, 2390)
(1437, 1916, 2395)
(1440, 1512, 2088)
(1440, 1650, 2190)
(1440, 1769, 2281)
(1440, 1920, 2400)
(1443, 1800, 2307)
(1443, 1924, 2405)
(1446, 1928, 2410)
(1449, 1568, 2135)
(1449, 1720, 2249)
(1449, 1932, 2415)
(1452, 1936, 2420)
(1455, 1940, 2425)
(1458, 1944, 2430)
(1460, 1533, 2117)
(1461, 1948, 2435)
(1462, 1560, 2138)
(1463, 1716, 2255)
(1464, 1952, 2440)
(1467, 1956, 2445)
(1470, 1960, 2450)
(1472, 1860, 2372)
(1473, 1964, 2455)
(1476, 1968, 2460)
(1479, 1972, 2465)
(1480, 1554, 2146)
(1482, 1976, 2470)
(1485, 1520, 2125)
(1485, 1980, 2475)
(1488, 1634, 2210)
(1488, 1705, 2263)
(1488, 1984, 2480)
(1491, 1988, 2485)
(1494, 1992, 2490)
(1495, 1656, 2231)
(1495, 1848, 2377)
(1496, 1647, 2225)
(1496, 1785, 2329)
(1497, 1996, 2495)
(1500, 1575, 2175)
(1504, 1953, 2465)
(1512, 1650, 2238)
(1520, 1596, 2204)
(1525, 1548, 2173)
(1530, 1736, 2314)
(1536, 1760, 2336)
(1540, 1617, 2233)
(1540, 1881, 2431)
(1541, 1980, 2509)
(1547, 1560, 2197)
(1560, 1638, 2262)
(1560, 1728, 2328)
(1564, 1827, 2405)
(1575, 1672, 2297)
(1575, 1904, 2471)
(1580, 1659, 2291)
(1584, 1612, 2260)
(1584, 1815, 2409)
(1584, 1890, 2466)
(1595, 1800, 2405)
(1596, 1872, 2460)
(1598, 1920, 2498)
(1600, 1680, 2320)
(1620, 1701, 2349)
(1620, 1887, 2487)
(1625, 1800, 2425)
(1632, 1870, 2482)
(1640, 1722, 2378)
(1656, 1792, 2440)
(1660, 1743, 2407)
(1664, 1710, 2386)
(1665, 1716, 2391)
(1666, 1680, 2366)
(1672, 1995, 2603)
(1675, 1932, 2557)
(1680, 1764, 2436)
(1680, 1885, 2525)
(1680, 1925, 2555)
(1690, 1872, 2522)
(1692, 1885, 2533)
(1700, 1785, 2465)
(1716, 1840, 2516)
(1720, 1806, 2494)
(1728, 1980, 2628)
(1740, 1827, 2523)
(1748, 1755, 2477)
(1755, 1944, 2619)
(1760, 1848, 2552)
(1764, 1925, 2611)
(1768, 1974, 2650)
(1780, 1869, 2581)
(1782, 1824, 2550)
(1785, 1800, 2535)
(1786, 1848, 2570)
(1800, 1890, 2610)
(1809, 1880, 2609)
(1820, 1911, 2639)
(1824, 1943, 2665)
(1840, 1932, 2668)
(1848, 1989, 2715)
(1860, 1953, 2697)
(1880, 1974, 2726)
(1900, 1995, 2755)
(1904, 1920, 2704)
